000012
000036
000039
000113
000118
000132
000158
000211
000215
000221
000228
000236
000244
000246
000262
000270
000298
000317
000321
000332
000403
000522
000540
000563
000605
000622
000656
000712
000714
000720
000738
000748
000764
000823
000831
000845
000867
000871
000899
001008
001012
001078
001130
001205
001225
001260
001273
001274
001289
001323
001332
001360
001383
001397
001453
001466
001467
001470
001481
001486
001528
001539
001555
001576
001597
001610
001627
001638
001661
001669
001686
001708
001734
001768
001840
001853
001872
001875
001888
001922
001931
001933
001934
001937
001960
001981
001982
002042
002153
002178
002182
002199
002212
002260
002318
002320
002321
002328
002345
002354
002364
002392
002411
002420
002454
002459
002462
002466
002502
002525
002598
002603
002683
002689
002690
002706
002714
002717
002718
002721
002785
002796
002810
002844
002848
002854
002869
002891
002896
002932
002938
002942
002960
002969
003009
003015
003064
003090
003112
003126
003133
003135
003154
003157
003163
003204
003244
003250
003274
003338
003349
003351
003354
003365
003370
003377
003410
003421
003441
003443
003444
003489
003493
003509
003519
003522
003546
003554
003565
003597
003627
003640
003695
003704
003705
003773
003784
003786
003790
003803
003828
003868
003871
003890
003905
003935
003971
003991
003993
004015
004052
004076
004082
004133
004163
004171
004174
004190
004192
004220
004221
004263
004300
004318
004325
004345
004351
004430
004436
004498
004540
004555
004597
004600
004612
004628
004634
004636
004651
004652
004653
004675
004689
004770
004792
004816
004849
004850
004863
004873
004890
004966
004972
004982
004984
004999
005003
005004
005006
005007
005023
005056
005067
005128
005168
005202
005208
005209
005217
005290
005293
005305
005312
005320
005325
005337
005340
005350
005352
005370
005405
005406
005407
005408
005418
005544
005584
005586
005588
005592
005640
005655
005676
005685
005699
005705
005718
005742
005769
005780
005803
005817
005828
005831
005851
005868
005878
005909
005912
005947
005960
006027
006067
006070
006111
006134
006135
006136
006153
006162
006175
006208
006219
006223
006252
006260
006264
006282
006301
006304
006305
006314
006335
006337
006350
006377
006382
006404
006437
006456
006468
006470
006523
006538
006543
006549
006553
006587
006619
006636
006643
006657
006687
006703
006730
006736
006747
006814
006825
006838
006947
006952
006995
007029
007050
007084
007097
007123
007174
007197
007210
007224
007249
007274
007318
007330
007363
007419
007424
007467
007481
007489
007523
007551
007603
007612
007618
007654
007663
007672
007678
007679
007702
007743
007758
007772
007847
007853
007863
007864
007876
007889
007899
007910
007914
007921
007954
007968
008029
008032
008037
008049
008075
008085
008093
008121
008144
008168
008173
008191
008211
008222
008226
008235
008299
008326
008329
008403
008425
008438
008442
008443
008454
008483
008492
008494
008512
008519
008556
008606
008635
008647
008653
008654
008690
008716
008720
008727
008756
008776
008796
008809
008823
008826
008847
008858
008872
008878
008890
008919
008923
008926
008927
008939
008955
008978
008988
008995
009029
009037
009042
009059
009112
009162
009168
009185
009195
009246
009268
009269
009272
009296
009325
009326
009348
009350
009429
009445
009446
009466
009472
009476
009488
009508
009523
009524
009551
009566
009571
009588
009619
009623
009681
009685
009700
009707
009729
009735
009738
009743
009754
009785
009805
009807
009825
009834
009852
009868
009896
009913
